0,445,512
1,315,512
0,414,512
1,306,512
0,451,512
1,314,512
0,442,512
1,310,512
0,415,512
1,300,512
0,420,512
1,301,512
0,405,512
1,301,512
0,423,512
1,302,512
0,400,512
1,306,512
0,391,512
1,304,512
0,437,512
1,308,512
0,448,512
1,312,512
0,441,512
1,313,512
0,418,512
1,300,512
0,419,512
1,308,512
0,428,512
1,304,512
0,438,512
1,315,512
0,437,512
1,311,512
0,491,512
1,317,512
0,458,512
1,319,512
0,418,512
1,316,512
0,415,512
1,305,512
0,455,512
1,316,512
0,457,512
1,312,512
0,442,512
1,313,512
0,441,512
1,313,512
0,444,512
1,312,512
0,447,512
1,312,512
0,432,512
1,314,512
0,426,512
1,308,512
0,432,512
1,304,512
0,447,512
1,313,512
0,445,512
1,311,512
0,444,512
1,313,512
0,410,512
1,296,512
0,404,512
1,308,512
0,437,512
1,307,512
0,442,512
1,304,512
0,418,512
1,305,512
0,412,512
1,304,512
